bleu score     	rouge score    	meteor score   
3.908633169762327e-78	0.7169811320754716	0.40903192156521845
0.32466791547509893	0.8363636363636363	0.6776         
8.416851712392762e-232	0.3684210526315789	0.11347071296050885
0.43167001068522526	0.8157894736842105	0.6124614197530864
6.030654703641957e-155	0.6666666666666666	0.30136758531820257
0.5348259312838877	0.7551020408163265	0.574755822689707
0.5081327481546147	0.8214285714285714	0.498          
7.600394483915427e-155	0.6521739130434783	0.49220338983050854
0.20333448190047881	0.7142857142857143	0.5269390163934425
3.1476699889714443e-78	0.71875        	0.3934358295641448
2.9141841540646876e-78	0.6304347826086957	0.23885350318471338
0.44632361378533286	0.6530612244897959	0.37011634405324395
3.6817536441524436e-78	0.7288135593220338	0.5246835071516622
1.384292958842266e-231	0.3333333333333333	0.4673721340388007
2.9305031327211714e-78	0.5121951219512195	0.3619681769977252
0.21972813874997157	0.6551724137931034	0.5709476413516227
0.21972813874997157	0.5689655172413793	0.4674873305026709
3.7734183673994593e-78	0.7333333333333333	0.34041213888152666
4.1735993043546123e-78	0.6956521739130435	0.4458816442287517
6.279277834418638e-155	0.6049382716049383	0.31571842271430745
0.24601372576927535	0.6323529411764706	0.29757495590828925
4.17593936422147e-78	0.6833333333333333	0.5413281836964687
0.4216383984557386	0.7623762376237624	0.5024313882227551
7.176381577237209e-155	0.6551724137931034	0.41760768693795425
5.30941411456236e-78	0.6097560975609756	0.730224609375 
1.0032743411283238e-231	0.5384615384615384	0.20248724489795916
0.7259795291154771	0.9230769230769231	0.8636048027909025
0.3850322886878712	0.8125         	0.5545093115714584
3.122713519517589e-78	0.6666666666666666	0.42678864288642887
8.286571670851008e-155	0.7222222222222222	0.42357351103706786
6.7393716283177006e-155	0.4857142857142857	0.33150434385002275
0.5260093017679724	0.75           	0.6921906033578563
0.38091370416670794	0.8552631578947368	0.6084399290981499
3.739798960152716e-78	0.6296296296296297	0.6319038156244102
0.6269641331921132	0.9375         	0.6914198606271776
3.231209322766464e-78	0.6986301369863014	0.42276028426536627
0.3623885503140912	0.8117647058823529	0.5367006914960826
1.331960397810445e-231	0.45           	0.2823823406913786
1.4256605770826504e-231	0.4117647058823529	0.1240234375   
6.968148412761692e-155	0.5909090909090909	0.3273909095254026
9.988500430528834e-232	0.631578947368421	0.23303149606299214
1.491668146240062e-154	1.0            	0.9375         
0.5316967153331754	0.8181818181818182	0.8184772738135067
0.4583034067124109	0.8533333333333334	0.7721732446240563
0              	0.5333333333333333	0.0            
0.21620508650490267	0.7906976744186046	0.3950235064786149
1.491668146240062e-154	1.0            	0.9375         
4.2492320052205223e-78	0.6619718309859155	0.5310676946703868
0.16652408234019814	0.64           	0.36310628147362844
0.3410791845736444	0.691358024691358	0.6239453125   
0.22416933501922287	0.4909090909090909	0.3864320700761216
0.32069326294908385	0.8769230769230769	0.5296890473361061
3.238049479805191e-78	0.6483516483516484	0.40895061728395066
0.5322898913303924	0.8089887640449438	0.597845618729097
6.222676699505816e-155	0.6071428571428571	0.39352941176470585
1.0            	1.0            	0.9921875      
0.1892240568795935	0.6349206349206349	0.43605804443359375
5.653571856842464e-155	0.5966386554621849	0.36060474537037035
0.25567957494892185	0.782608695652174	0.5917237606837608
0.2907153684841096	0.7457627118644068	0.5016101694915255
9.037968939610782e-232	0.6956521739130435	0.21650326797385622
8.47838036897581e-232	0.6451612903225806	0.1608597583654273
0.6580370064762462	0.8666666666666667	0.7058267716535434
4.797597231912944e-78	0.7222222222222222	0.49609375     
6.805395922591311e-155	0.6571428571428571	0.4317489435581616
0.5043545474510804	0.9166666666666666	0.5834986206806951
0.4001601601922499	0.7659574468085106	0.5777792933508678
0.4052127766461669	0.8354430379746836	0.5831779317652924
3.00466076572634e-78	0.5581395348837209	0.30295801526717564
0.18641996229708285	0.7045454545454546	0.41522693733578087
3.2083466360234637e-78	0.7391304347826086	0.5028980717428232
0.507629894744918	0.7586206896551724	0.7310624201787996
0.5706745777055999	0.7209302325581395	0.6361245816542584
0.25712008025141314	0.6071428571428571	0.4423921467321105
2.7877630425655405e-78	0.6296296296296297	0.28900941611323466
0.6315552371794037	0.82           	0.748263888888889
0.3517636208847486	0.8048780487804879	0.4466658501417281
0.4202431608906195	0.8170731707317073	0.6460170853733157
0.2490328638846773	0.7571428571428571	0.3707823331352743
0.4333207865423752	0.8787878787878788	0.685264383880736
3.6192421858902592e-78	0.6666666666666666	0.4290022692815252
8.89832063848178e-155	0.7738095238095238	0.4220119628662228
3.958014310460441e-155	0.6956521739130435	0.28516293117151487
1.5319719891192393e-231	0.9090909090909091	0.46875        
0.6756000774035172	1.0            	0.8470338983050848
0.6389431042462724	0.7551020408163265	0.69965        
3.7613085112572967e-78	0.8266666666666667	0.5174695791426912
0.3446073377034663	0.7636363636363637	0.587345175691114
0.3303164318013807	0.7818181818181819	0.4673721340388007
6.72408716007493e-155	0.7719298245614035	0.33391952178762196
5.100278386789125e-155	0.675          	0.3345959595959596
4.1985211987044984e-78	0.7735849056603774	0.4502208630648997
3.057039813233982e-78	0.6875         	0.4066206981658877
3.105573551013631e-78	0.6981132075471698	0.33934870244394055
0.27274191069381915	0.7209302325581395	0.5745367634854772
0.1532685994792829	0.6282051282051282	0.48294327885151705
1.0            	1.0            	0.996          
0.4189164947107698	0.8823529411764706	0.6533609548928198
0.3303164318013807	0.8333333333333334	0.6543209876543209
2.653942451511924e-78	0.6862745098039216	0.2714789619551524
0.28997844147152074	0.7241379310344828	0.686039678348 
4.797597231912944e-78	0.7            	0.5589788732394365
0.7423391006931132	0.8764044943820225	0.6058613587174448
0.17609282679116184	0.5405405405405406	0.3245473130841121
1.0            	1.0            	0.9976851851851852
3.2080057817710506e-155	0.5            	0.17288926140977925
3.271341557643298e-78	0.6933333333333334	0.408547794117647
5.959284093412939e-155	0.5333333333333333	0.39166143490834987
1.0            	1.0            	0.8176206509539844
0.41722614486115056	0.9024390243902439	0.576058394160584
0.5081327481546147	0.8            	0.6651234567901233
1.491668146240062e-154	1.0            	0.9375         
0.3646285861936466	0.7083333333333334	0.6846859114015978
0.5133450480401704	0.8863636363636364	0.7735101356500533
0.38609739509608965	0.8080808080808081	0.7078960905349794
0.6899302125555485	0.9069767441860465	0.831043490060384
5.072841446586652e-78	0.6153846153846154	0.48996913580246915
0.5133450480401704	0.7727272727272727	0.7031910324091393
0.36191740494054153	0.8734177215189873	0.8133808977971082
0.6067232393057594	0.940677966101695	0.7932102608086175
0.6114193239581327	0.898876404494382	0.7505357193684407
0.592313615748771	0.8837209302325582	0.7559523809523809
0.28646290158800986	0.8596491228070176	0.7190523857190524
0.33932513407933634	0.7551020408163265	0.6909864540173024
1.2395288183339461e-231	0.45588235294117646	0.21178675551853393
0.25336549464486463	0.828125       	0.7231742871364575
1.2508498911928379e-231	0.42105263157894735	0.27625361987501906
7.241926111174567e-155	0.5918367346938775	0.5318681318681319
0.4328015276270854	0.8021978021978022	0.5151098901098901
1.0            	1.0            	0.9985422740524781
0.1849304691034943	0.7978723404255319	0.6876502732240437
0.4649609229507011	0.8640776699029126	0.7200590762620838
0.33739685664481706	0.8131868131868132	0.549163179916318
0.43037677381220035	0.8888888888888888	0.6722475900558093
1.491668146240062e-154	1.0            	0.9375         
0.39846811316275854	0.9076923076923077	0.5696787732712765
0.8656030552541708	0.9493670886075949	0.8566429925228584
1.5319719891192393e-231	0.6206896551724138	0.32716049382716045
0.6580370064762462	0.9574468085106383	0.9850549450549451
0.17923344640485428	0.7578947368421053	0.3811023622047244
6.513869329968086e-155	0.5135135135135135	0.4243295332048476
1.0            	1.0            	0.9995         
4.677477553605556e-78	0.8529411764705882	0.5004244012252278
0.5386933265263314	0.8701298701298701	0.586869761701711
0.5731224484094262	0.7818181818181819	0.7808862734898239
9.013778876140909e-155	0.9            	0.6249999999999999
0.537284965911771	0.9696969696969697	0.8179012345679013
0.49202745153855076	0.8064516129032258	0.637367408969667
0.5344445934790545	0.775          	0.6868990384615384
1.0            	1.0            	0.9976851851851852
0.5100323429521268	0.8591549295774648	0.6635563979200076
1.0547686614863434e-154	0.8181818181818182	0.703125       
0.6803749333171202	0.8            	0.8442451584507042
6.206021746903507e-78	0.625          	0.7697893972403776
7.227401369829121e-78	1.0            	0.8099489795918366
0.537284965911771	0.7878787878787878	0.8179012345679013
1.2882297539194154e-231	0.5217391304347826	0.248046875    
7.176381577237209e-155	0.45652173913043476	0.2814150528169014
7.262123179505913e-78	0.9411764705882353	0.8179012345679013
1.1200407237786664e-231	0.48484848484848486	0.19186253561253563
0.33887143631861766	0.75           	0.5606708595387841
3.432765109268027e-78	0.7857142857142857	0.41800847457627116
0.3875407750115175	0.7804878048780488	0.5413988016024133
1.0862663708453601e-231	0.46875        	0.16756214131031827
6.085166479973199e-232	0.4            	0.14808768656716417
0.2908402945446888	0.775          	0.6183796425989776
0.26920508809559307	0.7142857142857143	0.4698581560283687
8.34076112986429e-232	0.3684210526315789	0.12790835707502374
1.0719249972567852e-154	0.7317073170731707	0.7697893972403776
7.711523862191631e-155	0.5454545454545454	0.48681640625  
0.4366835442847812	0.8545454545454545	0.6182913121217946
4.07941328593143e-78	0.7213114754098361	0.49505112207232227
0.3197842999788806	0.8571428571428571	0.6630086877000455
0.6147881529512643	0.7777777777777778	0.7132444814660558
0.5555238068023582	0.9649122807017544	0.9575429087624211
0.6298129992394241	0.9295774647887324	0.7959770677206646
0.1967274688523915	0.8115942028985508	0.6313623565085554
6.786169835666303e-155	0.7676767676767676	0.42034687804029575
0.25947507140745757	0.8409090909090909	0.5061753887996495
3.297337141451012e-78	0.7450980392156863	0.37091121495327106
0.39846811316275854	0.7246376811594203	0.465111593598301
8.14486865257726e-155	0.6304347826086957	0.4371485852967334
2.8494347623522925e-78	0.8923076923076924	0.46733905917579377
0.25336549464486463	0.7666666666666667	0.6201171875   
0.2694353370737825	0.8552631578947368	0.6543599237470669
0.6606328636027614	0.8205128205128205	0.8840115836000608
0.4684580982108429	0.8375         	0.5757756736648765
5.395774370246974e-78	0.8            	0.6480906179802132
1.491668146240062e-154	1.0            	0.9375         
1.491668146240062e-154	1.0            	0.9375         
1.491668146240062e-154	1.0            	0.9375         
0.23887527917609022	0.7142857142857143	0.5480867451772358
3.2303121497744317e-78	0.6818181818181818	0.570897469586555
0.23397625978961173	0.6612903225806451	0.5631055335197347
0.6677604630703731	0.7971014492753623	0.6186230322032793
4.004015450392331e-155	0.5512820512820513	0.21387832699619772
1.0            	1.0            	0.996          
3.3837424855205556e-78	0.7313432835820896	0.4302239763830061
9.53091075863908e-155	0.7222222222222222	0.49609375     
4.904072328366965e-155	0.7209302325581395	0.34045043943179637
3.2465087977690726e-78	0.7166666666666667	0.3376271186440678
0.22656720908801994	0.5584415584415584	0.40840425911619893
4.372204660033707e-78	0.7714285714285715	0.506218112244898
0.7071067811865475	0.9230769230769231	0.7803721910112359
0.42728700639623407	0.7441860465116279	0.4990583804143127
8.121328445417258e-155	0.5714285714285714	0.50332383665717
4.134975870071536e-78	0.8461538461538461	0.49012316296781105
0.5307712171072443	0.8260869565217391	0.8840115836000608
1.3203832882211142e-231	0.8            	0.5739795918367347
0.39129502995845794	0.7073170731707317	0.48796106557377056
9.918892480173173e-232	0.6666666666666666	0.251661918328585
7.711523862191631e-155	0.5277777777777778	0.2804232804232804
0.6042750794713536	1.0            	0.8675523349436393
4.909777631374571e-155	0.62           	0.38947677836566724
0.4935578819979933	0.8208955223880597	0.7255629139072847
4.054037310337805e-155	0.6923076923076923	0.31006951223972834
0.588934620997652	0.898876404494382	0.7053465639810427
4.872166029590139e-78	0.8072289156626506	0.656733296217594
7.57965434483665e-155	0.6666666666666666	0.3319999999999999
8.34076112986429e-232	0.5945945945945946	0.12790835707502374
1.491668146240062e-154	1.0            	0.9375         
0.29669917239896787	0.75           	0.46950893497359414
0.23462350320527994	0.8367346938775511	0.5773420479302832
8.190757052088229e-155	0.6829268292682927	0.4484090909090909
9.809321592636189e-155	0.75           	0.5541006775574677
8.44484326442819e-78	0.8484848484848485	0.8471470220741357
6.206021746903507e-78	0.7857142857142857	0.7697893972403776
0.4324227075463214	0.9016393442622951	0.7132444814660558
9.420708298915794e-155	0.7547169811320755	0.5622347608024691
0.26518122980477765	0.711864406779661	0.5591636798088411
0.22374677077485577	0.7916666666666666	0.5361986301369863
0.23418123261847468	0.6585365853658537	0.44206373762376233
4.335118471269586e-78	0.7142857142857143	0.5512152777777778
2.849845351494297e-78	0.6987951807228916	0.4360315554793346
6.804933319517222e-155	0.704225352112676	0.37834458407689253
0.6000342906130847	1.0            	0.7952563070316693
7.132993934962216e-155	0.631578947368421	0.43467444647986064
4.484824319939061e-78	0.8301886792452831	0.49356175286950177
0.5085991394194219	0.8533333333333334	0.6971836266832356
1.2247502623754442e-231	0.5            	0.18751985984318237
1.2213386697554703e-77	1.0            	0.9814814814814815
0.4111336169005197	0.7837837837837838	0.744140625    
1.2183324802375697e-231	0.6551724137931034	0.0            
1.646211035903463e-231	0.8928571428571429	0.5679012345679011
1.1795617510369435e-231	0.875          	0.43684710351377015
5.554837769749797e-155	0.578125       	0.3184101654846335
1.646211035903463e-231	0.8695652173913043	0.5679012345679011
0              	0.5142857142857142	0.0            
7.657404561915943e-155	0.7636363636363637	0.5452674897119342
0.12991916506579942	0.7395833333333334	0.44010772265210135
8.488041917935607e-155	0.9230769230769231	0.5852118644067797
3.8719283242189536e-78	0.734375       	0.4499351137217403
0.3807812262472666	0.7835051546391752	0.5927961512227948
4.484824319939061e-78	0.6904761904761905	0.7155594579671052
0.7910665071754358	0.9814814814814815	0.9069865319865321
9.788429383461836e-232	0.509090909090909	0.09801084785766158
5.667113443314699e-155	0.6779661016949152	0.19578172523037135
6.933326157611605e-155	0.7166666666666667	0.42673107890499196
1.3934875572055278e-231	0.75           	0.5434782608695652
0.3033668865762665	0.8271604938271605	0.6364942998072715
0.21951524426618454	0.7532467532467533	0.5935201594794208
5.253283993027542e-78	0.6136363636363636	0.42673107890499196
6.373704167435469e-155	0.4583333333333333	0.4093150684931507
6.072910347203158e-155	0.6865671641791045	0.40505663623763327
7.330800726128864e-155	0.5072463768115942	0.41852895148669794
8.16437745974496e-155	0.7538461538461538	0.4326923076923077
7.176381577237209e-155	0.5428571428571428	0.4800907258064516
0.19209534151258667	0.8125         	0.6058527663465935
0.24601372576927547	0.6065573770491803	0.4033282520325203
6.898804976972959e-155	0.6521739130434783	0.40496975749845576
6.061838450024688e-155	0.6226415094339622	0.36035954486616645
4.151979068032376e-78	0.684931506849315	0.4466622744526694
0.18931747781986427	0.7663551401869159	0.5164472609675628
7.380245217279165e-78	0.8666666666666667	0.5625         
0.17404385774889086	0.6701030927835051	0.39416926967127774
0.7598356856515925	0.8666666666666667	0.8314043209876544
1.171778691554733e-231	0.5909090909090909	0.14459205582393986
7.57965434483665e-155	0.5357142857142857	0.33256172839506165
1.1368587676511996e-231	0.6888888888888889	0.2244996488764045
1.0832677820940877e-231	0.4222222222222222	0.1407075264084507
3.8719283242189536e-78	0.5925925925925926	0.4499351137217403
8.44484326442819e-78	0.9523809523809523	0.8471470220741357
9.97486269044271e-232	0.5            	0.1688135593220339
5.364051329359424e-155	0.7272727272727273	0.400604686318972
6.164444051541174e-155	0.639344262295082	0.3883005425443593
5.615440693743184e-78	0.6888888888888889	0.5430275229357797
6.867731683891005e-155	0.64           	0.3376271186440678
6.886649963007969e-155	0.6            	0.40327986316568043
1.3165594234639305e-231	0.5909090909090909	0.32277953810472676
0.2281399713503153	0.6619718309859155	0.5739992142346598
5.14931098405356e-78	0.9038461538461539	0.7486315337555007
5.179818589191765e-78	0.6419753086419753	0.5486542443064183
0              	0.1111111111111111	0.0            
0.1566384057330969	0.6533333333333333	0.47961425352863973
4.502083459540591e-155	0.8            	0.29617537313432835
2.8386348984685777e-78	0.8194444444444444	0.48405947432952756
0.7488856162563027	0.9777777777777777	0.8237395650308419
0.3565506208559251	0.8392857142857143	0.5751811594202898
6.5806869883189804e-155	0.5849056603773585	0.44210877544210886
3.7363724810750054e-78	0.5757575757575758	0.30373086734693877
7.478986131155753e-155	0.711864406779661	0.41890535327579564
7.100514228897259e-155	0.7407407407407407	0.42673107890499196
2.835289336645309e-78	0.7948717948717948	0.3793760136785263
0.2777619034011791	0.5964912280701754	0.3921259842519685
1.1640469867513693e-231	0.3125         	0.23754409171075838
3.769288840603131e-78	0.6666666666666666	0.3880519480519481
0.23287896954139942	0.8305084745762712	0.43264355431613644
1.0547686614863434e-154	0.875          	0.49609375     
4.583829695130767e-78	0.6428571428571429	0.4911175464444783
0.37030468338190614	0.8695652173913043	0.5634339981006647
1.0            	1.0            	0.996          
1.491668146240062e-154	1.0            	0.9375         
0.45617777001984994	0.8            	0.6919055737704919
7.380245217279165e-78	0.5833333333333334	0.7744         
1.0            	1.0            	0.9921875      
1.4488496539373276e-231	0.625          	0.3872         
0.3817666460451127	0.782051282051282	0.5792505956248646
7.121386095146805e-155	0.4946236559139785	0.31569602272727265
4.0622028886850106e-78	0.6590909090909091	0.4641282778643441
0.576091046275884	0.84           	0.7964750740068415
1.2183324802375697e-231	0.625          	0.31125        
1.1862800137389335e-154	0.9130434782608695	0.9443902439024391
0.20687206010259407	0.71875        	0.4451768622555139
0.38058030016749456	0.9512195121951219	0.8458252427184465
0.33034466035625115	0.81           	0.6583843154091088
0.5773502691896258	0.9024390243902439	0.964626736111111
0.5410822690539396	0.8235294117647058	0.6074617346938775
0.3816330911371337	0.8478260869565217	0.6210641349634587
1.0            	1.0            	0.9990234375   
9.283142785759642e-155	0.5789473684210527	0.5808         
0.7259795291154771	0.6            	0.8636048027909025
9.420708298915794e-155	0.7560975609756098	0.5514705882352942
8.190757052088229e-155	0.6595744680851063	0.47300312360553326
4.29307862935549e-78	0.7142857142857143	0.5794571226669992
1.3127657569660467e-231	0.6896551724137931	0.49220338983050854
0.47883157403392246	0.775          	0.6141345810767299
0.6606328636027614	0.9487179487179487	0.6396330275229357
3.122713519517589e-78	0.6966292134831461	0.48310025047709926
8.214546595247418e-155	0.9            	0.5739795918367347
0.4348639899469113	0.8645833333333334	0.5957466042895564
0.23901088824528133	0.7169811320754716	0.40643476684515834
1.4256605770826504e-231	0.7301587301587301	0.4392328477443609
0.7598356856515925	0.9090909090909091	0.8314043209876544
0.2002553584771595	0.7246376811594203	0.5184034358750061
5.614021910443866e-78	0.6744186046511628	0.6987235915492959
0.19569434861872417	0.7582417582417582	0.4907553246753246
1.2882297539194154e-231	0.5217391304347826	0.3200604838709677
0.46713797772820004	0.5555555555555556	0.6027351706364051
5.775353993361614e-78	0.7037037037037037	0.5868736383442267
1.4488496539373276e-231	0.8695652173913043	0.3872         
0.5603221136840577	0.8571428571428571	0.6956296125461254
4.797597231912944e-78	0.7380952380952381	0.5589788732394365
0.2140909265975804	0.7313432835820896	0.3943513569078948
1.0            	1.0            	0.9921875      
7.241926111174567e-155	0.7            	0.4780521262002744
0.27901593935858265	0.5757575757575758	0.5026864239309548
0.18842393723950338	0.7857142857142857	0.621364184360317
0.209734257913107	0.675          	0.4117968440335522
0.2722589423069702	0.6666666666666666	0.454849465648855
0.5410822690539396	0.8292682926829268	0.744140625    
0.6147881529512643	0.9090909090909091	0.6319887810458722
1.0            	1.0            	0.9985422740524781
4.701927940386645e-78	0.7857142857142857	0.6291547958214626
5.185404073830853e-78	0.8333333333333334	0.6688904494382022
0.4111336169005197	0.5555555555555556	0.6547818190508052
3.103010873451748e-78	0.6629213483146067	0.47926505312868956
0.3324684441805843	0.7647058823529411	0.7238797068218266
0.23693055763743093	0.7192982456140351	0.5529164712838182
1.2183324802375697e-231	0.2916666666666667	0.19920000000000002
0.3527295712700594	0.7910447761194029	0.6353693807127743
0.5773502691896258	0.9344262295081968	0.845834261420312
1.0            	1.0            	0.9990234375   
1.1640469867513693e-231	0.391304347826087	0.23754409171075838
0.26652051421681044	0.8269230769230769	0.6974843213820849
0.419468515826214	0.825          	0.7251290945783869
1.0            	1.0            	0.9921875      
0.4347208719449915	0.7419354838709677	0.7059558517284465
7.422680762211792e-155	0.4444444444444444	0.20248724489795916
9.918892480173173e-232	0.29411764705882354	0.0            
8.38826642100846e-155	0.4642857142857143	0.19920000000000002
0.329340597116918	0.8142857142857143	0.701284706840196
3.231681603406294e-78	0.6428571428571429	0.3226666666666666
5.502798075292677e-78	0.8035714285714286	0.6069345081947278
1.821831989445342e-231	1.0            	0.5            
0.7506238537503395	0.9230769230769231	0.8840115836000608
6.725854833444237e-78	0.8095238095238095	0.6074617346938775
4.751072498959554e-78	0.675          	0.5794571226669992
2.7193162487958204e-78	0.7560975609756098	0.3868211490731348
2.6851515809545367e-78	0.8333333333333334	0.43665518155314065
0              	0.11538461538461539	0.0            
0.31671615012203974	0.8170731707317073	0.5869406164270877
1.0032743411283238e-231	0.5588235294117647	0.20248724489795916
4.528076715110988e-155	0.5192307692307693	0.2711937671747476
2.500044694890182e-78	0.6785714285714286	0.315097983737037
0.4832697830906221	0.8679245283018868	0.6651234567901233
0.42803206067505944	0.7833333333333333	0.4592977469607959
3.965294799986402e-78	0.6170212765957447	0.4371485852967334
5.795035077445241e-155	0.6666666666666666	0.34041213888152666
0.6413865258981679	0.95           	0.7463101311953353
0.5871947655901681	0.8823529411764706	0.7282101231586677
0.17395797375642236	0.5588235294117647	0.24480755265068987
0.3882726777522233	0.8444444444444444	0.4473694349727408
0.25965358893403384	0.7045454545454546	0.46399558602554475
0.6566807449251143	0.9113924050632911	0.8587745875926538
3.4361956689127507e-78	0.7605633802816901	0.49297904703048395
0.11227564716917941	0.6666666666666666	0.3640282369729323
0.5681096832337497	0.7894736842105263	0.5604063782947581
0.6060032073808245	0.9183673469387755	0.7369109187940847
9.537683887743056e-232	0.6888888888888889	0.30352515949223774
4.038601786362091e-78	0.6976744186046512	0.45747018204645323
8.16437745974496e-155	0.7551020408163265	0.48668503213957764
7.037665902069411e-155	0.5633802816901409	0.33391952178762196
0.28809912547069016	0.8315789473684211	0.5111482352941176
1.4488496539373276e-231	0.5483870967741935	0.3872         
6.86809206056511e-78	0.8333333333333334	0.5976         
0.3438931217657843	0.6617647058823529	0.5372190579291172
0.3200286101270288	0.9411764705882353	0.6907634493670887
0.2137772394158387	0.7037037037037037	0.475952380952381
6.445825837963022e-155	0.6666666666666666	0.3330122909576349
0.39091968657214926	0.7184466019417476	0.5467473488610515
1.4875195904069663e-231	0.7105263157894737	0.531169029111416
0.4341999352730602	0.7848101265822784	0.5916831683168318
6.484592771860512e-155	0.39285714285714285	0.2814150528169014
0.2722589423069702	0.6261682242990654	0.41066740484429065
0.2830956597218095	0.7843137254901961	0.3925925925925925
4.856474469839072e-78	0.47619047619047616	0.5984643179765131
1.133422688662942e-154	0.7368421052631579	0.6543209876543209
5.188706927516738e-155	0.68           	0.273859649122807
5.74340400309589e-155	0.5217391304347826	0.35224076988570396
0.668740304976422	0.7619047619047619	0.6752542372881356
0.527123766408901	0.8831168831168831	0.708707138731698
4.954356947008765e-78	0.59375        	0.4441969404134045
6.010455532087301e-155	0.5909090909090909	0.3774928774928775
1.331960397810445e-231	0.5517241379310345	0.30178265417399247
8.214546595247418e-155	0.8636363636363636	0.6074617346938775
1.384292958842266e-231	0.4375         	0.0            
4.352883339726264e-78	0.6842105263157895	0.25279551241834886
1.1862177682648818e-231	0.5            	0.328135593220339
9.283142785759642e-155	0.6538461538461539	0.5808         
0.25400289715190977	0.8275862068965517	0.49695264885138296
0.49328706824337465	0.8405797101449275	0.6503818617863876
1.0032743411283238e-231	0.42857142857142855	0.20248724489795916
7.274097363809307e-155	0.7538461538461538	0.42536748934943985
0.14253911354181859	0.6578947368421053	0.391425       
8.38826642100846e-155	0.38461538461538464	0.4858536585365854
0.1816725573641283	0.7164179104477612	0.43867845974501785
9.712439290098357e-155	0.8275862068965517	0.656271186440678
1.0            	1.0            	0.9985422740524781
0.8232490471721702	0.9347826086956522	0.9475112252128427
8.38826642100846e-155	0.6666666666666666	0.39840000000000003
0.4903047069202663	0.8767123287671232	0.49980292218824324
3.9454788461504054e-78	0.7818181818181819	0.43037271747296896
0.1998573974138024	0.7553191489361702	0.4227268300333665
0.4663837470157623	0.8461538461538461	0.6639711191335741
3.480275084383042e-78	0.6351351351351351	0.45175238962221215
9.073649206312902e-155	0.8461538461538461	0.5689747718733226
0.25947507140745757	0.8082191780821918	0.6770095825195312
7.236348959474942e-155	0.5802469135802469	0.3605769230769231
0.23693055763743093	0.6721311475409836	0.44010780377094977
0.5783569866465142	0.8571428571428571	0.8017113095238096
0.668740304976422	0.7272727272727273	0.6752542372881356
0.3508772012923552	0.6702127659574468	0.42865412859445184
0.26104909033290696	0.7230769230769231	0.45952117863720077
0.39788427553162475	0.8214285714285714	0.6220841230500072
0.18759202316167214	0.7638888888888888	0.3790721705552837
0.3092852090394752	0.8888888888888888	0.6630086877000455
7.746339753396389e-155	0.5370370370370371	0.3625435421077796
1.1540791471212467e-231	0.5555555555555556	0.19899426693016614
0              	0.17391304347826086	0.0            
8.38826642100846e-155	0.6190476190476191	0.33256172839506165
6.86809206056511e-78	0.7692307692307693	0.7287804878048781
0.7598356856515925	0.9354838709677419	0.7229602791196995
0.375022891676693	0.7027027027027027	0.4082380204829184
1.0            	1.0            	0.8300000000000001
6.3404966053044055e-155	0.8085106382978723	0.3477844311377246
0.22416933501922287	0.6181818181818182	0.36148013955984976
0.7965670178751182	0.7894736842105263	0.6317969364616595
0.5303624596095554	0.9180327868852459	0.796064139941691
4.380522082646013e-78	0.7796610169491526	0.4348335677449601
0.5014129877526367	0.8846153846153846	0.6235532407407408
0.3479159475128446	0.8412698412698413	0.594311111111111
1.2213386697554703e-77	1.0            	0.9814814814814815
0.6989307622784944	0.9019607843137255	0.7486315337555007
4.484824319939061e-78	0.6363636363636364	0.6455590762094535
0.41180376356915777	0.6666666666666666	0.5809863555693631
0.4790714250659131	0.8            	0.6411688069979528
0.26985534666825095	0.7555555555555555	0.3665549326706351
0.5968774175634496	0.8870967741935484	0.5943704012217131
0.37908922754915136	0.8484848484848485	0.5823747896847653
0.2158836734667192	0.7123287671232876	0.6075837742504411
0.4250281413416978	0.9047619047619048	0.6424235611510791
6.684949609530091e-155	0.7941176470588235	0.37531830091892093
5.644308344528974e-78	0.78125        	0.5413398454585217
0.6455651607183006	0.98           	0.7355482456140351
0.4935578819979933	0.8918918918918919	0.5223398475927584
0.4109080290971358	0.6823529411764706	0.686896551724138
0.6413865258981679	0.9425287356321839	0.80925        
0.4111336169005197	0.7380952380952381	0.8384683098591549
0.4063798282013442	0.9056603773584906	0.6138649613567929
3.2188487294350246e-78	0.8181818181818182	0.5866223111593482
1.1862177682648818e-231	0.5789473684210527	0.328135593220339
0.5275746111884465	0.8829787234042553	0.7305667765389375
0.3541698766144061	0.8235294117647058	0.6435034039222878
2.3418691615477335e-78	0.7205882352941176	0.2031832858499525
0.6606328636027614	0.9841269841269841	0.6790123456790124
0.4234197579236933	0.9487179487179487	0.8223853211009174
0.8761560783209453	0.9848484848484849	0.7141231549515573
0.3942058093215873	0.8488372093023255	0.49363932424180745
0.7611606003349892	0.9264705882352942	0.9069865319865321
0.48633831680799433	0.8607594936708861	0.5026802408778485
0.39162127614717107	0.8775510204081632	0.5408003405704555
0.33932513407933634	0.8043478260869565	0.6909864540173024
6.484592771860512e-155	0.5813953488372093	0.32226562499999994
0.5686719096221826	0.8904109589041096	0.6916033189085266
0.38833759001358187	0.8021978021978022	0.43032786885245905
0.3850322886878713	0.8148148148148148	0.6065334997919268
6.206021746903507e-78	0.7916666666666666	0.6543209876543209
0.5109955811291784	0.8536585365853658	0.6654502522271116
0.4111336169005197	0.868421052631579	0.6688904494382022
0.7598356856515925	0.9090909090909091	0.8314043209876544
5.023587836914362e-155	0.8444444444444444	0.3056716059030387
9.291879812217675e-232	0.9285714285714286	0.32327586206896547
0.21258844131063828	0.7790697674418605	0.6761338975694444
2.8601459512794803e-78	0.68           	0.41341145833333337
0.3688939732334406	0.9318181818181818	0.6939768050879161
0.5410822690539396	0.8571428571428571	0.749267578125 
0.5316967153331754	0.8709677419354839	0.6699190170855315
5.791005615992361e-78	0.9772727272727273	0.7803721910112359
6.626356351409518e-78	0.9310344827586207	0.6688904494382022
5.072841446586652e-78	0.6285714285714286	0.8001512096774195
0.34740317390504205	0.9230769230769231	0.6171955125988313
0.7819448965013119	0.9230769230769231	0.7884814825584214
0.6989307622784944	0.9354838709677419	0.7540296358964323
0.6865065103648591	0.8571428571428571	0.5870931952662722
3.603235312613151e-78	0.8            	0.41341145833333337
0.2677353447271197	0.7764705882352941	0.5586259348459881
3.908633169762327e-78	0.78125        	0.532422459197607
0.4832697830906221	0.8421052631578947	0.5751811594202898
0.6370555116759559	0.9069767441860465	0.7199178753794283
0.3799813583078824	0.8878504672897196	0.6539001652892561
0.3200286101270288	0.9305555555555556	0.6056318836630147
9.53091075863908e-155	0.7142857142857143	0.49609375     
0.41722614486115056	0.8727272727272727	0.5780188322264693
0.6150523394042867	0.9081632653061225	0.6993392070484581
5.30941411456236e-78	0.8571428571428571	0.6543209876543209
7.813508425061864e-232	0.6666666666666666	0.17106681034482757
6.223629500679345e-155	0.6086956521739131	0.32995241672927617
1.384292958842266e-231	0.56           	0.3848946986201888
1.3483065280626046e-231	0.5384615384615384	0.3252197802197802
2.546003083541194e-78	0.7377049180327869	0.3047880901287554
1.4256605770826504e-231	0.7272727272727273	0.3651123046875
1.0547686614863434e-154	0.7619047619047619	0.703125       
0.8633400213704505	0.9428571428571428	0.7063802083333333
6.552765724042392e-155	0.7115384615384616	0.430045871559633
0.6102169202557912	0.8813559322033898	0.5027188081936685
0.5969491792019646	0.9056603773584906	0.8840115836000608
4.8324911469486965e-78	0.6756756756756757	0.6478560598273027
7.711523862191631e-155	0.5161290322580645	0.48606796348515996
4.90260194222537e-155	0.7307692307692307	0.2167379871296508
0.5348259312838877	0.8431372549019608	0.8098832046991326
3.351277398314718e-78	0.6376811594202898	0.40466729815842245
0.3299895472527792	0.6363636363636364	0.3897964973749594
7.176381577237209e-155	0.4634146341463415	0.5616155660377359
3.480275084383042e-78	0.5245901639344263	0.5691428571428571
7.422680762211792e-155	0.6363636363636364	0.4049744897959183
9.380737079109475e-155	0.6862745098039216	0.6216513761467889
7.57965434483665e-155	0.6896551724137931	0.4580246913580247
3.690122608639576e-78	0.5789473684210527	0.36549637957317077
0.27901593935858265	0.6716417910447762	0.49908768917033375
0.4085639059221913	0.7848101265822784	0.6301169590643275
6.313993041533344e-78	0.7777777777777778	0.6480906179802132
8.636168555094496e-78	0.8636363636363636	0.744140625    
0.33380800216772966	0.6842105263157895	0.6365511956790771
1.0            	1.0            	0.9985422740524781
3.658072501090886e-78	0.6728971962616822	0.4087436088929742
0.2749977595322415	0.4868421052631579	0.3700086805555555
0.44833867003844585	0.8461538461538461	0.8534946236559138
4.0622028886850106e-78	0.7346938775510204	0.4081545169508133
0.6606328636027614	0.8823529411764706	0.8756043956043956
0.4464617303464354	0.7532467532467533	0.5523137773131892
8.38826642100846e-155	0.36666666666666664	0.49074074074074076
0.488923022434901	0.8611111111111112	0.8471470220741357
0.6389431042462724	0.6739130434782609	0.8532317073170732
0.6888074582865503	0.935064935064935	0.8991612894311415
0.6729864884660303	0.8214285714285714	0.7322643343051506
5.614021910443866e-78	0.6            	0.6987235915492959
0.345720784641941	0.8            	0.5628301056338028
0.3489981252688509	0.8            	0.5606460571289062
3.2250749139805625e-78	0.6440677966101694	0.3177341354092946
0.22004136568723656	0.8070175438596491	0.65251159011614
0.668740304976422	0.9310344827586207	0.6752542372881356
8.166726842395623e-232	0.4230769230769231	0.14647058823529413
0.7418006097906316	0.897196261682243	0.8322767968945655
0.6315552371794037	0.7727272727272727	0.7540296358964323
0.2044800736021839	0.6119402985074627	0.5281196448044867
4.954356947008765e-78	0.8372093023255814	0.5574087078651686
0.5859059370151705	0.8363636363636363	0.8268229166666667
5.87583260478785e-78	0.7948717948717948	0.730224609375 
0.7598356856515925	0.9166666666666666	0.8314043209876544
8.693790938244096e-155	0.6785714285714286	0.44953350296861755
0.563257940009042	0.9            	0.7198418511284722
0.2434623104231637	0.7777777777777778	0.6506103991844884
1.0            	0.975          	0.8223853211009174
9.53091075863908e-155	0.75           	0.6401209677419354
7.098450576376767e-155	0.7068965517241379	0.4326923076923077
0.4021074690812005	0.7849462365591398	0.5816113977979548
0.2058740953537466	0.7319587628865979	0.42705882352941177
0.2777619034011791	0.5882352941176471	0.5472527472527473
7.221948193667952e-155	0.5714285714285714	0.3253073770491803
0.5923033072023248	0.9452054794520548	0.7798403971406397
0.49735673561245436	0.875          	0.6091429231925101
0.2891784933232572	0.7571428571428571	0.5021323228838398
7.505697654413981e-155	0.559322033898305	0.38225202198802566
0.6115380576901023	0.8541666666666666	0.7359972677595626
0.3113612721440885	0.8297872340425532	0.6855502339592313
0.5374512308135861	0.8764044943820225	0.7087053571428572
1.0547686614863434e-154	0.8421052631578947	0.703125       
1.0            	1.0            	0.9990234375   
0.42610827239170174	0.8571428571428571	0.7296456454106091
0.2927057121559396	0.7407407407407407	0.6464073402848913
0.39832871551569504	0.803921568627451	0.6435034039222878
0.5253819788848316	0.9259259259259259	0.7310091743119266
0.7196315267102845	0.9770114942528736	0.9003026504442316
1.821831989445342e-231	1.0            	0.5            
1.2213386697554703e-77	1.0            	0.9814814814814815
3.739798960152716e-78	0.7307692307692307	0.4892228925969326
0.37426572469810315	0.7536231884057971	0.5805114463723539
0.7598356856515925	0.9259259259259259	0.7229602791196995
0.20769932848852055	0.7142857142857143	0.4524679552853858
4.797597231912944e-78	0.7142857142857143	0.49609375     
0              	0.45454545454545453	0.0            
3.965294799986402e-78	0.5384615384615384	0.29985        
6.968148412761692e-155	0.47058823529411764	0.4368421052631578
5.791005615992361e-78	0.9428571428571428	0.7803721910112359
7.380245217279165e-78	0.8620689655172413	0.7744         
0.537284965911771	0.9354838709677419	0.8179012345679013
0.3155984539112945	0.7619047619047619	0.6906340496875476
8.38826642100846e-155	0.48148148148148145	0.3848946986201888
2.181322207853752e-78	0.6521739130434783	0.40706605222734255
0.23578316044531808	0.7866666666666666	0.5280551531456953
4.034282314146679e-78	0.7105263157894737	0.3701163440532439
0.2915369229944523	0.8292682926829268	0.6662616646208444
0.24180681260144146	0.7083333333333334	0.4197668500521073
0.21592878551044487	0.7708333333333334	0.448138407166927
7.205735693881401e-155	0.7846153846153846	0.4978529253891573
0.7611606003349892	1.0            	0.717262403450643
7.100514228897259e-155	0.8787878787878788	0.42673107890499196
1.2183324802375697e-231	0.42105263157894735	0.2429268292682927
0.4684580982108429	0.7619047619047619	0.5749487897934704
0.43434098825795264	0.797752808988764	0.5314368077681687
0.3140660237570047	0.6923076923076923	0.5996932374163328
0.2044800736021839	0.7424242424242424	0.3526062486850411
9.283142785759642e-155	0.7727272727272727	0.5808         
0.5202556880807584	0.8076923076923077	0.6436798414832143
0.38390149148943287	0.7971014492753623	0.6717936197916667
0.5035337887555859	0.9615384615384616	0.832761704501016
0.602867050301643	0.9436619718309859	0.6140967669993777
3.8047154071260653e-78	0.631578947368421	0.4351699561403509
0.4261082723917018	0.92           	0.6121181856013317
0.19835441454182887	0.7792207792207793	0.5757707024763554
0.3965384287913187	0.7931034482758621	0.7222356108341954
0.37700638045494705	0.8301886792452831	0.67931379914851
0.33932513407933634	0.7727272727272727	0.7585829549537778
0.2192534486373552	0.7564102564102564	0.5196078431372549
1.0            	1.0            	0.996          
0.7348889200874658	0.9672131147540983	0.8981934601769314
6.311514251575017e-155	0.6206896551724138	0.3790133398690522
0.3161487584488943	0.746268656716418	0.5647646813827571
0.5814307369682193	0.9607843137254902	0.7968000000000001
8.723297561929817e-155	0.7307692307692307	0.48802946593001845
0.45763189808605753	0.7605633802816901	0.5420730217787549
0.5611661017870316	0.8369565217391305	0.748077876984127
1.0            	1.0            	0.996          
0.24601372576927547	0.6666666666666666	0.5619963225636985
7.711523862191631e-155	0.6571428571428571	0.548525528169014
6.562069055463047e-78	0.8709677419354839	0.8179012345679013
6.378968006113944e-155	0.7288135593220338	0.400604686318972
6.416038883891965e-155	0.4            	0.2891841116478797
4.640083527732319e-78	0.6851851851851852	0.6073170731707317
0.5035337887555859	0.9322033898305084	0.7854343251018479
0.17181529671327242	0.72           	0.45453638406308994
0.5331675363405771	0.6964285714285714	0.7190523857190524
8.396161215621529e-232	0.6486486486486487	0.11467645806726263
0.5410822690539396	0.9444444444444444	0.8223853211009174
0.3806664530423204	0.7472527472527473	0.5647590361445783
7.422680762211792e-155	0.5454545454545454	0.4049744897959183
0.3197842999788806	0.8266666666666667	0.6363810474975735
2.6565958575206145e-78	0.594059405940594	0.36525333539774796
4.002005462939727e-78	0.782051282051282	0.5948372615039283
0              	0.6            	0.0            
1.0            	1.0            	0.9086363636363637
0.8091067115702212	0.8529411764705882	0.8558933777592669
4.101791032784236e-78	0.8235294117647058	0.49173374368686873
1.04198122363916e-154	0.8333333333333334	0.6861724281549355
0.6434588841607617	1.0            	0.8471470220741357
0.22738612304909625	0.7037037037037037	0.48796106557377056
1.5319719891192393e-231	0.7878787878787878	0.3848946986201888
1.331960397810445e-231	0.6451612903225806	0.3774928774928775
0.25400289715190977	0.8059701492537313	0.6633142231005537
0.7242447986095324	0.8939393939393939	0.7601410934744268
1.491668146240062e-154	1.0            	0.9375         
0.17404385774889086	0.7906976744186046	0.5694117647058824
0.24739977342883948	0.75           	0.6713746021854761
0.5133450480401704	0.8            	0.7735101356500533
9.283142785759642e-155	0.59375        	0.5808         
6.005740822548667e-155	0.6428571428571429	0.39740114795918363
0.48593738187963054	0.8823529411764706	0.716579861111111
3.2621668817848437e-78	0.5166666666666667	0.3638666937213116
3.4712915060210913e-78	0.6136363636363636	0.3683381598333588
1.4488496539373276e-231	0.6363636363636364	0.3872         
4.123000871113193e-78	0.735632183908046	0.5069160741856361
0.4935578819979933	0.8153846153846154	0.6569564557730236
0.3112185101270637	0.8089887640449438	0.513110146495961
0.37817904276524744	0.8653846153846154	0.6654502522271116
0.6026080978557137	0.803030303030303	0.661286274206939
4.360387697326309e-78	0.6746987951807228	0.4459269662921348
4.797597231912944e-78	0.6486486486486487	0.5589788732394365
4.093978985394809e-78	0.7349397590361446	0.5555555555555557
9.712439290098357e-155	0.9090909090909091	0.656271186440678
0.2777619034011791	0.6888888888888889	0.4561986383257195
1.133422688662942e-154	0.6923076923076923	0.6543209876543209
0.8633400213704505	0.9230769230769231	0.8882792257277854
1.0032743411283238e-231	0.43478260869565216	0.20248724489795916
0.19568336427344607	0.8021978021978022	0.5068916037137343
0.3816330911371337	0.7906976744186046	0.4054109589041096
0.5344445934790545	0.875          	0.8213679811312948
0.4010889714538991	0.7934782608695652	0.6044666273153165
0.28051550320162943	0.7014925373134329	0.3670608679122458
0.5142401605028263	0.734375       	0.5713244481466055
3.8719283242189536e-78	0.7317073170731707	0.4484090909090909
1.3861855791380656e-231	0.5777777777777777	0.430045871559633
1.331960397810445e-231	0.5882352941176471	0.2823823406913786
4.728609901096833e-78	0.7659574468085106	0.6654502522271116
0.6334323002440795	0.8152173913043478	0.8776373626373627
0.3168900267453786	0.7910447761194029	0.6812418433687336
0.28175950490399515	0.7012987012987013	0.5550204849293916
1.2199981975731961e-231	0.6590909090909091	0.27151376146788986
1.0            	1.0            	0.9921875      
0.3636227046500071	0.7358490566037735	0.6180350704686988
5.395774370246974e-78	0.625          	0.6480906179802132
0.6147881529512643	0.9272727272727272	0.789818747418967
0.2694029471787363	0.7349397590361446	0.4181430814083876
0.2224246939793677	0.5272727272727272	0.4660839720011317
1.491668146240062e-154	1.0            	0.9375         
3.661843723291765e-78	0.5471698113207547	0.39484940229560156
0.6596924585662963	1.0            	0.7833530106257379
0.3083012995502152	0.8690476190476191	0.5938914027149321
3.2733893467884885e-78	0.8666666666666667	0.506671986863207
0.43937095446369245	0.8421052631578947	0.5276356882115465
0.5783569866465142	0.9047619047619048	0.7126322751322752
0.24769802565621082	0.8125         	0.6942989406811545
0.5108636942731495	0.9285714285714286	0.6848632547339529
0.19821995933016914	0.7634408602150538	0.6562255506607928
0.15415064977510756	0.7159090909090909	0.47705056246801897
0.42610827239170174	0.8392857142857143	0.7281074450686198
0.2658483576665877	0.9074074074074074	0.6553579556538136
0.2646015952359329	0.7846153846153846	0.6190708705357143
4.2492320052205223e-78	0.7586206896551724	0.5863338192419825
0.3237722713145643	0.8552631578947368	0.6603456790123455
0.16659659447684105	0.8260869565217391	0.6030163934426228
0.3237722713145643	0.8            	0.5870931952662722
0.7389984311706962	0.95           	0.8516409952606635
0.44120063733294235	0.8222222222222222	0.5873730801087086
0.5475698396435352	0.9390243902439024	0.6494335218825014
9.911891170885795e-155	0.8108108108108109	0.6563816713483146
0.6100034457014365	0.9230769230769231	0.8416901408450704
0.25312245791949683	0.8415841584158416	0.5976427405301871
0.6930977286178778	0.90625        	0.8999977614780214
0.22894156860669912	0.8656716417910447	0.6753535353535353
0.6171392021671752	0.9294117647058824	0.7105604273882457
0.6269641331921132	0.9634146341463414	0.7824110885335375
0.19230188007838597	0.6868686868686869	0.5264846736263037
0.45258880078905583	0.9473684210526315	0.737990702479339
0.36913835493303393	0.7727272727272727	0.6894442352463009
3.734475389420366e-78	0.5967741935483871	0.3299766398206419
0.2725543946595112	0.8241758241758241	0.6593986730807301
1.5114039422871004e-231	0.8571428571428571	0.4905523255813954
0.36615107686578496	0.6266666666666667	0.5213255360623781
0.6675075987129311	0.8493150684931506	0.7003676470588236
0.602328918675928	0.8518518518518519	0.5885933444512431
0.7778111223054219	0.9014084507042254	0.740017361111111
0.4284945090100314	0.8372093023255814	0.6253411079874419
0.25543184713657474	0.7945205479452054	0.6056924223825858
0.3598590234416894	0.8857142857142857	0.629776355832122
0.5932180640699449	0.8974358974358975	0.7674501424501425
0.3070898761263382	0.8235294117647058	0.7087053571428572
5.30941411456236e-78	0.7142857142857143	0.6543209876543209
0.3861450761584492	0.7472527472527473	0.6561695096466929
0.21631187459215706	0.7565217391304347	0.6201337677928315
0.7348889200874658	0.9642857142857143	0.988697030363697
0.4221068126374527	0.9230769230769231	0.8098579082226881
0.5000305222355906	0.9117647058823529	0.7472973134062417
1.0547686614863434e-154	0.7619047619047619	0.703125       
0.32393211943598493	0.72           	0.5589788732394365
3.753241408685867e-78	0.8135593220338984	0.5341395817586293
0.7598356856515925	0.8181818181818182	0.9781227305737111
0.3759663529467017	0.8166666666666667	0.4537178797533826
0.37991784282579627	0.7441860465116279	0.6971999999999999
0.7598356856515925	0.8048780487804879	0.7996000000000001
0.3541698766144061	0.574468085106383	0.41154852316855695
0.32466791547509893	0.7916666666666666	0.5482568807339449
0.3527295712700594	0.8            	0.6037764280806476
4.380047979294404e-78	0.7808219178082192	0.5403017479263564
6.042433724643145e-78	0.88           	0.656271186440678
0.616153506227062	0.9634146341463414	0.8134385390718959
0.22229849552064015	0.7866666666666666	0.5185714285714287
4.497139742918265e-78	0.788235294117647	0.5525072397500381
0.3222538601891173	0.8732394366197183	0.6778920807453415
0.3445778903767542	0.8591549295774648	0.5108385676124467
6.867731683891005e-155	0.34615384615384615	0.3376271186440678
4.797597231912944e-78	0.6829268292682927	0.49609375     
7.600394483915427e-155	0.6666666666666666	0.49220338983050854
1.362137122503591e-231	0.5066666666666667	0.346739863006162
1.0            	1.0            	0.6225         
0.2777619034011791	0.58           	0.498          
6.725854833444237e-78	0.7307692307692307	0.6074617346938775
5.253283993027542e-78	0.75           	0.5689747718733226
6.8521466667561e-155	0.6818181818181818	0.39655817433595214
5.072841446586652e-78	0.6666666666666666	0.6085205078125
0.45307778036928104	0.7837837837837838	0.6774528669863954
0              	0.38235294117647056	0.0            
0.4546697236991713	0.7014925373134329	0.6308541653743566
0.10395842849854849	0.5392156862745098	0.4527674279860869
0.28997844147152074	0.6666666666666666	0.6299091592104363
0.346133586314057	0.6626506024096386	0.6205751504754151
6.702145341854094e-232	0.8571428571428571	0.0            
3.5127052469408176e-78	0.6019417475728155	0.4493232137295143
6.86809206056511e-78	0.7857142857142857	0.5976         
0.4347208719449915	0.6785714285714286	0.7059558517284465
5.614021910443866e-78	0.717948717948718	0.5589788732394365
6.968148412761692e-155	0.5384615384615384	0.38405472078941466
3.2902132296626218e-78	0.673469387755102	0.4166955967176607
3.9876353728947065e-78	0.47058823529411764	0.42929856979443765
0.32466791547509893	0.717948717948718	0.69055        
4.1927887725759647e-78	0.6862745098039216	0.5472527472527473
3.02523177156016e-78	0.7162162162162162	0.42673107890499196
6.13157024199189e-155	0.75           	0.44264085759284666
4.337579510280189e-78	0.7446808510638298	0.6735657225853305
1.0            	1.0            	0.5533333333333333
7.746339753396389e-155	0.625          	0.3625435421077796
0.8055344092731546	0.8809523809523809	0.7749457762557078
0.8656030552541708	0.9294117647058824	0.8203000956647302
0.6286904510105588	0.8901098901098901	0.6659915611814347
4.677477553605556e-78	0.8387096774193549	0.5004244012252278
7.63175672830452e-155	0.7872340425531915	0.5311690291114158
8.636168555094496e-78	0.6521739130434783	0.744140625    
0.4366835442847812	0.7164179104477612	0.744140625    
0.46713797772820004	0.7317073170731707	0.7366763196667174
7.711523862191631e-155	0.5405405405405406	0.42357351103706786
0.4041031009353247	0.85           	0.5881003565436241
6.6709427497276e-155	0.7222222222222222	0.38677991448279747
5.614021910443866e-78	0.75           	0.6987235915492959
8.38826642100846e-155	0.5217391304347826	0.5773420479302832
6.555733055397852e-155	0.7638888888888888	0.46813079380597405
8.636168555094496e-78	0.95           	0.744140625    
6.235626511094914e-155	0.5714285714285714	0.3612617701415433
0.46713797772820004	0.7073170731707317	0.6630086877000455
0.6434588841607617	0.8857142857142857	0.8471470220741357
7.711523862191631e-155	0.4146341463414634	0.48606796348515996
0.37817904276524744	0.9361702127659575	0.8098832046991326
4.0622028886850106e-78	0.7272727272727273	0.5620549434427864
0.5410822690539396	0.813953488372093	0.6688904494382022
9.420708298915794e-155	0.6744186046511628	0.546875       
9.696727898117387e-155	0.75           	0.6856569102112676
3.472667880247652e-78	0.7049180327868853	0.5429016844833172
0.27091988546756285	0.75           	0.6242343019202523
8.636168555094496e-78	0.7692307692307693	0.744140625    
6.709616501577743e-155	0.7160493827160493	0.5475910768634077
0.6803749333171202	0.8974358974358975	0.6116470025510204
0.2680165156355778	0.7121212121212122	0.3858450992428894
0.7242447986095324	1.0            	0.7933962997512438
0.49735673561245436	0.8333333333333334	0.8213679811312948
4.57610303380527e-78	0.9375         	0.5961017219387755
0.18207052811092134	0.6702127659574468	0.5280576189019748
0.5635190098079903	0.7301587301587301	0.8368549829978692
0.6272517339014033	0.9436619718309859	0.6645144749408946
0              	0.7142857142857143	0.0            
2.9857029691673486e-78	0.5223880597014925	0.37470079006109025
0.7947545184555568	0.946236559139785	0.8555343472698845
3.7734183673994593e-78	0.7045454545454546	0.34041213888152666
0.8091067115702212	0.9285714285714286	0.7059558517284465
0.24072001290661232	0.7307692307692307	0.5499351602957722
0.46892438882117243	0.8529411764705882	0.6482840236686391
2.3451871090272936e-78	0.5795454545454546	0.3565014780038254
0.6147881529512643	0.7428571428571429	0.6319887810458722
8.38826642100846e-155	0.72           	0.49074074074074076
5.473461026881688e-78	0.8285714285714286	0.6255305015315349
0              	0.4            	0.0            
0.4377745273369784	0.7159090909090909	0.5732011121093518
0.25965358893403384	0.64           	0.38123356498873023
0.5814307369682193	1.0            	0.7851851851851852
0.5997079188357801	0.8452380952380952	0.5725831104656834
0.2978201796359045	0.6142857142857143	0.4942712496669331
1.2967862918337585e-231	0.7407407407407407	0.4076086956521739
0.1744391898986843	0.67           	0.4821455938697318
0.5128370364847346	0.8314606741573034	0.7816036467497052
0.5946035575013605	0.8518518518518519	0.8681640625   
0.5946035575013605	1.0            	0.794294990723562
0.7611606003349892	0.8367346938775511	0.7669190313818414
0.912167909070388	0.8688524590163934	0.84590900997151
0.11667589213687266	0.6451612903225806	0.33797556059460815
0.4111336169005197	0.65625        	0.5705955851728446
5.191033047549162e-78	0.8181818181818182	0.6743021844660193
0.5129497107827519	0.7258064516129032	0.6765914786967419
1.2508498911928379e-231	0.47619047619047616	0.11103490321597317
0.537284965911771	0.90625        	0.7112184648416534
0.3549481056010052	0.782608695652174	0.7366763196667174
7.048071356410909e-155	0.686046511627907	0.35353658536585364
0.40489936706391494	0.8131868131868132	0.6141345810767299
0.38249626297768063	0.7857142857142857	0.553264405204461
0.3636227046500071	0.5535714285714286	0.5727258482132864
0.37655675964262575	0.845360824742268	0.6059160305343513
3.8219426427192166e-78	0.7872340425531915	0.42913842310005257
5.87583260478785e-78	0.7941176470588235	0.6004008746355685
0.5081327481546147	0.7096774193548387	0.7824981844589688
7.711523862191631e-155	0.5142857142857142	0.48681640625  
0.15911783110981517	0.6421052631578947	0.4640667866941014
0.21343207938331096	0.6753246753246753	0.5011663507799972
0.33507040795147514	0.8194444444444444	0.6938374125874127
0.2680165156355778	0.8305084745762712	0.8202727457765113
0.668740304976422	0.9230769230769231	0.6752542372881356
0.29209779152813203	0.7207207207207207	0.5940563695819896
0.25748661016289676	0.6119402985074627	0.6401209677419354
0.27901593935858265	0.6808510638297872	0.4673412847483096
0.37817904276524744	0.8490566037735849	0.8820510150188571
0.46713797772820004	0.7708333333333334	0.6027351706364051
7.176381577237209e-155	0.6666666666666666	0.3720703125   
0.37991784282579627	0.8043478260869565	0.5976         
6.005740822548667e-155	0.6756756756756757	0.39740114795918363
0.28175950490399515	0.6567164179104478	0.6938374125874127
0.28091282586130956	0.7087378640776699	0.52047434813707
0.33923917580302504	0.8            	0.6055438989727654
5.775353993361614e-78	0.47619047619047616	0.4988425925925926
0.44534504264163466	0.6346153846153846	0.7952991563249826
0.21972813874997157	0.7586206896551724	0.5317222308770836
1.133422688662942e-154	0.7222222222222222	0.6543209876543209
1.0547686614863434e-154	0.7619047619047619	0.703125       
0.3672056269893592	0.574468085106383	0.8083741141592383
0.22374677077485583	0.7941176470588235	0.6453333333333332
0.4703709593866897	0.5409836065573771	0.5823916991837944
0.1457684614972261	0.6022727272727273	0.36447278174861025
1.2778269941762074e-231	0.6052631578947368	0.3648005314241429
1.2882297539194154e-231	0.6538461538461539	0.4509943181818182
0.537284965911771	0.896551724137931	0.5783682232957594
0.17181529671327242	0.6219512195121951	0.42052345736449137
1.0547686614863434e-154	0.6818181818181818	0.6048387096774193
0.27098211583470044	0.8205128205128205	0.49394823463620535
0.18295654224495206	0.5283018867924528	0.48044548044548047
0.6115380576901023	0.8636363636363636	0.6790109718914829
1.0032743411283238e-231	0.55           	0.20248724489795916
4.0642500029662423e-78	0.8055555555555556	0.48773531581087876
3.970716193896693e-78	0.7547169811320755	0.5328440366972476
1.3165594234639305e-231	0.425531914893617	0.2699610682330442
5.072841446586652e-78	0.7352941176470589	0.6004008746355685
9.013778876140909e-155	0.7666666666666667	0.6249999999999999
8.38826642100846e-155	0.5357142857142857	0.5773420479302832
0.1717218426146756	0.632183908045977	0.4828948110396386
0.6997522298221912	0.8620689655172413	0.9146952128724991
0.5873949094699213	0.7358490566037735	0.8327617741197988
0.23578316044531808	0.7014925373134329	0.28544        
0              	0.2413793103448276	0.0            
0.41682189465797687	0.8846153846153846	0.7938251386159602
1.821831989445342e-231	1.0            	0.5            
1.0            	1.0            	0.9921875      
6.313993041533344e-78	0.8666666666666667	0.8101132724752665
1.2778269941762074e-231	0.5135135135135135	0.3648005314241429
1.0            	1.0            	0.9976851851851852
9.53091075863908e-155	0.6521739130434783	0.6401209677419354
0.6503386691979853	0.96           	0.5209775000988571
1.0            	1.0            	0.9976851851851852
1.491668146240062e-154	1.0            	0.9375         
0.3615855225145535	0.8913043478260869	0.5888888888888889
0.4497332084013506	0.8857142857142857	0.4726890756302521
1.0            	1.0            	0.8880208333333333
6.042433724643145e-78	0.8214285714285714	0.656271186440678
0.4211813371894875	0.7076923076923077	0.5305305305305306
0.23185078121230157	0.8378378378378378	0.5234279113421413
1.384292958842266e-231	0.46938775510204084	0.16891891891891891
5.844769846644999e-78	0.6727272727272727	0.6726130037463673
6.222676699505816e-155	0.5666666666666667	0.2847058823529412
8.117943098525258e-155	0.8            	0.48504402624309395
8.16437745974496e-155	0.6949152542372882	0.530618675816673
0.2697856975860103	0.7464788732394366	0.4161200703763815
7.711523862191631e-155	0.5882352941176471	0.42357351103706786
1.2882297539194154e-231	0.39285714285714285	0.248046875    
9.283142785759642e-155	0.5833333333333334	0.5808         
9.594215925295645e-155	0.72           	0.7112184648416534
2.860365453164646e-78	0.7681159420289855	0.39549382716049375
6.2474296653172126e-155	0.6025641025641025	0.499297461928934
1.2213386697554703e-77	1.0            	0.9814814814814815
0.49764480798089855	0.7808219178082192	0.5669207113250435
0.6298129992394241	0.8235294117647058	0.7175154065047747
0.49616830003403634	0.8928571428571429	0.7198961819547847
0.6389431042462724	0.864406779661017	0.5929237288135595
0.35864179742032526	0.6865671641791045	0.6287560096153846
0.3641410562218426	0.7402597402597403	0.6110141424991048
3.7363724810750054e-78	0.6857142857142857	0.4034033438448265
7.600394483915427e-155	0.6428571428571429	0.49220338983050854
0.3836841681691306	0.9428571428571428	0.6571675394917582
0.35218565358232357	0.8666666666666667	0.5858823529411765
0.33180774028439425	0.7755102040816326	0.4157021604938272
1.0            	1.0            	0.9976851851851852
0.488923022434901	0.8823529411764706	0.8471470220741357
0.23909453161355018	0.7528089887640449	0.5058752658203961
0.3655552228545123	0.6304347826086957	0.6987235915492959
0.2658483576665877	0.6666666666666666	0.60768254957381
0.9036020036098448	1.0            	0.8251217578434704
1.154647032204335e-231	0.6739130434782609	0.12639775620917443
1.0            	0.96875        	0.577391304347826
7.100514228897259e-155	0.6451612903225806	0.42673107890499196
5.021333847570327e-78	0.5277777777777778	0.42794668887963344
0.23356898886410005	0.7580645161290323	0.5173946182664365
0.655435348124928	0.8631578947368421	0.8045127326489161
1.0            	1.0            	0.9985422740524781
1.6034157163765524e-231	0.6774193548387096	0.5352         
0.21401603033752975	0.7083333333333334	0.42536748934943985
0.4772894233335957	0.8586956521739131	0.6263605957121509
6.86809206056511e-78	0.8518518518518519	0.5976         
1.0            	1.0            	0.996          
0.6652049901111008	0.8771929824561403	0.824941599551605
0.45723134461864345	0.8169014084507042	0.5037232124072015
0.27694132751313416	0.75           	0.5976773639098085
0.48549177170732344	0.9767441860465116	0.7633744855967078
0.5875766810867468	0.8611111111111112	0.6961591220850479
0.32256639460759323	0.8888888888888888	0.6577988604567986
7.070696784820904e-78	1.0            	0.8440677966101694
1.4295242192727586e-231	0.7659574468085106	0.526685393258427
6.368097683322202e-155	0.711340206185567	0.4083505968080124
9.073649206312902e-155	0.8611111111111112	0.5689747718733226
0.4372410985091271	0.8823529411764706	0.5643473117962915
0.24022110864391533	0.8148148148148148	0.4674873305026709
0.4772894233335957	0.9425287356321839	0.7964385515856709
0.4111336169005197	0.7407407407407407	0.5976         
0.6528674230372311	0.9555555555555556	0.6667782426778243
0.7539221180326288	0.9038461538461539	0.8446132838486048
2.9857029691673486e-78	0.7719298245614035	0.3614366319444444
0.5877038209148266	0.8395061728395061	0.6333947434690982
0.3155984539112945	0.6842105263157895	0.6906340496875476
0.4246183605185108	0.8877551020408163	0.6135478823478276
0.23397625978961173	0.7123287671232876	0.4919251222898889
0.29898984447859595	0.82           	0.5298342857142857
0.403527863746399	0.8070175438596491	0.6344511986886141
1.1640469867513693e-231	0.5            	0.1956245461147422
1.5319719891192393e-231	0.6842105263157895	0.46875        
1.384292958842266e-231	0.5            	0.23754409171075838
7.511053132422731e-155	0.6455696202531646	0.46328352769679304
0.4052587697205425	0.7288135593220338	0.7952991563249826
0.8931539818068694	0.9230769230769231	0.7003124999999999
4.661032518640916e-78	0.8596491228070176	0.6764064836235688
1.491668146240062e-154	1.0            	0.9375         
0.3246125979239547	0.8543689320388349	0.6406013173828956
6.784827072174911e-78	0.7906976744186046	0.6138969330555978
1.1103055738259992e-231	0.5714285714285714	0.2940738977806866
0.7259795291154771	0.8723404255319149	0.706585747738011
4.337579510280189e-78	0.6666666666666666	0.6189522856189523
0.49202745153855076	0.7833333333333333	0.532362312243969
0.4736415826167952	0.7816091954022989	0.6155877704150993
0.2507180166383332	0.7981651376146789	0.4990344932035894
4.38832006142665e-78	0.8431372549019608	0.6382417582417582
0.23397625978961173	0.7636363636363637	0.4348335677449601
0.4169392927528885	0.7076923076923077	0.8206062030075189
6.887578243315168e-155	0.8392857142857143	0.5669594226579521
7.609811177993573e-155	0.7222222222222222	0.3779708380406574
0.4533365750044521	0.9195402298850575	0.5711275720566267
0.7740443718000138	0.9313725490196079	0.7957712616320236
0.26616885054222045	0.71           	0.606276197912386
2.9699189645069595e-78	0.3829787234042553	0.24786214416896235
0.28308751450477193	0.7317073170731707	0.5668287101111156
4.337579510280189e-78	0.64           	0.4852241422489357
0.17181529671327242	0.6067415730337079	0.38635592645362643
0.1690653646485627	0.72           	0.43867845974501785
1.4347128449946335e-231	0.48717948717948717	0.2932439461365082
0.195647514979229	0.6714285714285714	0.6082131254061077
4.3152775914512797e-78	0.7831325301204819	0.5765900664140489
0.4615425015629849	0.7777777777777778	0.5562559984064611
2.797353469517208e-78	0.8513513513513513	0.48170870256759835
0.11391856953132565	0.5789473684210527	0.3275122049983026
0.21305413619585087	0.7058823529411765	0.5954444329470199
5.924106698075695e-155	0.8354430379746836	0.35782240680687516
4.811208997101563e-155	0.4117647058823529	0.2692630121008893
0.20389696163541748	0.6868686868686869	0.6836041451426068
4.797597231912944e-78	0.6808510638297872	0.49609375     
1.1200407237786664e-231	0.53125        	0.14264889629321115
0.46924700641055994	0.8043478260869565	0.5413795578524262
0.3661926362999429	0.7432432432432432	0.4381794941762771
9.97486269044271e-232	0.6226415094339622	0.1640677966101695
1.0547686614863434e-154	0.7619047619047619	0.703125       
1.491668146240062e-154	1.0            	0.9375         
0.5253819788848316	0.8888888888888888	0.6396330275229357
0.7367565054628357	0.8412698412698413	0.621925109329446
0.1892240568795935	0.7761194029850746	0.462241975308642
0.16652408234019814	0.6            	0.5348493975903615
0.5316967153331754	0.7894736842105263	0.879517926698112
0.31314224813827346	0.6721311475409836	0.4629003919448574
0.488923022434901	0.8723404255319149	0.8471470220741357
6.7393716283177006e-155	0.42857142857142855	0.3683381598333587
0.5445178846139404	0.8392857142857143	0.7842837635737044
1.1795617510369435e-231	0.7142857142857143	0.0            
0.392814650900513	0.8775510204081632	0.6303092082908596
1.0547686614863434e-154	0.75           	0.703125       
4.4646672960328985e-78	0.5806451612903226	0.48316561647700557
0              	0.14285714285714285	0.0            
1.0            	1.0            	0.9921875      
1.821831989445342e-231	1.0            	0.5            
1.0            	1.0            	0.9921875      
1.491668146240062e-154	1.0            	0.9375         
1.491668146240062e-154	1.0            	0.9375         
3.434046030282548e-78	0.6153846153846154	0.559436712690467
0.7952707287670506	1.0            	0.7674501424501425
9.064562738204195e-155	0.5818181818181818	0.7087053571428572
1.491668146240062e-154	1.0            	0.9375         
0.345720784641941	0.7333333333333333	0.5628301056338028
0.27091988546756285	0.7291666666666666	0.7654571971538427
3.2558216512718385e-78	0.5344827586206896	0.25002647979090986
3.6348497300557706e-78	0.7941176470588235	0.2342328872941118
1.0547686614863434e-154	0.7708333333333334	0.7270233196159122
0.317023313852343	0.575          	0.48906136528685556
1.4740564900137075e-231	0.5625         	0.4724465898771687
0.32466791547509893	0.717391304347826	0.4996570644718793
7.746339753396389e-155	0.5121951219512195	0.356566265060241
8.476452820020735e-155	0.673469387755102	0.5728440366972476
5.487540440520353e-155	0.9285714285714286	0.24671052631578946
4.677477553605556e-78	0.7714285714285715	0.5004244012252278
0.5            	0.95           	0.8681640625   
6.030654703641957e-155	0.6511627906976745	0.3006628787878788
0.5969491792019646	1.0            	0.8819444444444444
8.636168555094496e-78	0.896551724137931	0.744140625    
1.2882297539194154e-231	0.5483870967741935	0.248046875    
0.4518010018049224	0.68           	0.6471306471306472
0.7825422900366437	1.0            	0.8950617283950616
5.072841446586652e-78	0.6511627906976745	0.6906340496875476
6.887578243315168e-155	0.4883720930232558	0.46717785536453504
9.696727898117387e-155	0.8048780487804879	0.48681640625  
7.600394483915427e-155	0.5769230769230769	0.1688135593220339
5.7592918561109494e-155	0.5714285714285714	0.2738356164383562
1.0            	1.0            	0.9985422740524781
6.313993041533344e-78	0.8            	0.8101132724752665
5.395774370246974e-78	0.75           	0.6480906179802132
5.614021910443866e-78	0.6511627906976745	0.8001512096774195
0.7825422900366437	0.9545454545454546	0.9909198139452072
0.27901593935858265	0.7169811320754716	0.7207190897323329
0.24125880497129865	0.5979381443298969	0.5664742845434054
4.640083527732319e-78	0.6730769230769231	0.6811733092808689
0.4935578819979933	0.9838709677419355	0.7772416932180246
0.4234197579236933	0.8947368421052632	0.7299178213211511
0.6026080978557137	0.8923076923076924	0.8416901408450704
4.476766863915479e-78	0.6428571428571429	0.5469847261235955
0.8408964152537145	0.8947368421052632	0.8741455078125
1.384292958842266e-231	0.5789473684210527	0.4673721340388007
0.5296074933406222	0.75           	0.7331719110262129
0.18951629567590744	0.8395061728395061	0.6248104829976174
1.331960397810445e-231	0.4772727272727273	0.3240453089901066
4.661032518640916e-78	0.6818181818181818	0.6257038288288288
4.652246367385997e-78	0.78125        	0.5871375      
Average bleu score : 0.2526341112975136
Average rouge score : 0.7544767831340002
Average meteor score : 0.5671948244799403
Total bleu time : 0.5282821655273438
Total rouge time : 0.09468770027160645
Total meteor time : 151.73400831222534
